26871.3 31852.5 6151.9
25451.1 29553.8 6151.9
24524.8 27015.4 6151.9
24130.7 24342.2 6151.9
24285.0 21644.5 6151.9
24981.4 19033.6 6151.9
26191.2 16617.5 6151.9
27864.4 14495.7 6151.9
29931.8 12755.9 6151.9
32308.3 11469.9 6151.9
34895.7 10690.8 6151.9
37587.1 10450.8 6151.9
40271.5 10759.7 6151.9
26702.5 31956.8 6151.9
25271.6 29640.8 6151.9
24331.4 27064.4 6151.9
23931.4 24351.1 6151.9
24088.0 21612.9 6151.9
24794.9 18962.9 6151.9
26022.8 16510.5 6151.9
27721.1 14356.9 6151.9
29819.6 12591.0 6151.9
32231.7 11285.7 6151.9
34857.9 10495.0 6151.9
37589.7 10251.3 6151.9
40294.2 10562.6 6151.9
26871.3 31852.5 4663.5
25451.1 29553.8 4663.5
24524.8 27015.4 4663.5
24130.7 24342.2 4663.5
24285.0 21644.5 4663.5
24981.4 19033.6 4663.5
26191.2 16617.5 4663.5
27864.4 14495.7 4663.5
29931.8 12755.9 4663.5
32308.3 11469.9 4663.5
34895.7 10690.8 4663.5
37587.1 10450.8 4663.5
40271.5 10759.7 4663.5