53587.2 33985.0 4663.5
34054.7 41158.1 4663.5
31103.0 43436.6 4663.5
19205.1 60479.2 4663.5
-368.5 53418.8 4663.5
-4094.2 53267.0 4663.5
-24180.0 58679.0 4663.5
-34619.3 40684.4 4663.5
-37375.7 38173.2 4663.5
-56241.1 29408.1 4663.5
-52671.3 8913.2 4663.5
-53168.7 5217.7 4663.5
-61986.4 -13623.2 4663.5
-46077.8 -27028.5 4663.5
-44083.5 -30179.2 4663.5
-38734.2 -50255.0 4663.5
-17924.1 -50323.3 4663.5
-14371.1 -51454.9 4663.5
2598.6 -63372.5 4663.5
18616.6 -50071.3 4663.5
22065.7 -48654.3 4663.5
42735.3 -46875.0 4663.5
46446.3 -26390.3 4663.5
48177.7 -23087.8 4663.5
62903.1 -8403.5 4663.5
52543.3 9639.0 4663.5
51746.8 13281.7 4663.5