44737.6 7932.2 1954.7
43946.0 11567.3 1954.7
45483.0 28858.1 1954.7
29172.2 34833.2 1954.7
26229.3 37109.0 1954.7
16292.4 51342.5 1954.7
-43.1 45435.3 1954.7
-3760.4 45287.0 1954.7
-20521.6 49803.2 1954.7
-29238.3 34777.8 1954.7
-31990.5 32274.7 1954.7
-47733.3 24960.4 1954.7
-44752.5 7847.3 1954.7
-45252.0 4160.7 1954.7
-52610.1 -11561.6 1954.7
-39326.6 -22755.0 1954.7
-37339.5 -25900.1 1954.7
-32870.0 -42673.8 1954.7
-15499.3 -42710.0 1954.7
-11955.4 -43842.0 1954.7
2250.3 -53818.5 1954.7
15580.3 -42680.5 1954.7
19022.7 -41269.7 1954.7
36317.7 -39780.9 1954.7
39369.7 -22680.3 1954.7
41099.9 -19386.9 1954.7
53391.6 -7129.4 1954.7