44395.6 28168.0 1954.7
28517.2 33984.7 1905.7
25575.4 36260.1 1954.7
15903.0 50114.9 1954.7
0.5 44364.3 1905.7
-3715.6 44216.4 1954.7
-20030.8 48612.5 1954.7
-28516.4 33985.4 1905.7
-31268.1 31483.4 1905.7
-46592.0 24363.8 1954.7
-43690.2 7704.3 1954.7
-44189.9 4018.9 1954.7
-51352.3 -11285.0 1954.7
-38420.9 -22181.7 1905.7
-36434.7 -25326.0 1954.7
-32084.2 -41653.4 1954.7
-15174.0 -41688.6 1954.7
-11631.4 -42820.7 1954.7
2196.4 -52531.7 1954.7
15173.0 -41689.0 1954.7
18614.4 -40279.0 1954.7
35449.2 -38829.8 1954.7
38420.3 -22182.6 1954.7
40150.3 -18890.4 1954.7
52115.0 -6959.0 1954.7
43690.4 7703.2 1954.7
42899.5 11337.3 1954.7