17107.7 11093.0 13284.0
16336.7 10365.7 15419.3
15255.5 10020.8 17528.4
14444.7 9165.2 19610.1
13434.2 8524.1 21663.0
12381.6 7856.2 23686.1
11287.5 7162.0 25678.0
10067.3 6573.2 27637.5
8908.1 5802.9 29563.6
7710.0 5006.7 31455.0
6479.0 4188.7 33303.1
5218.0 3310.8 35129.3
3937.8 2558.0 36776.2
20837.3 5662.0 6324.5
20831.5 5458.4 7611.2
20669.8 5686.8 8783.2
20498.9 5936.9 9527.9
20154.4 6449.3 10562.6
19714.2 7111.1 11468.2
19374.8 7624.7 11985.2
19004.4 8187.4 12423.9
18809.2 8484.7 12611.7
18608.4 8791.0 12777.6
18192.7 9426.6 13041.2
17763.3 10084.7 13210.9
17545.5 10419.3 13259.6
17217.2 10924.4 13284.0
17035.7 11203.8 13284.0
16707.8 11709.2 13259.6
16490.8 12044.3 13210.9
16276.0 12376.3 13138.0
16064.1 12704.2 13041.2
15856.1 13026.6 12921.0
15652.6 13342.5 12777.6
15454.4 13650.6 12611.7
14898.9 14517.0 11985.2
14729.0 14783.1 11736.1
14567.8 15036.0 11468.2
14273.8 15498.9 10880.4
14142.2 15707.2 10562.6
13814.2 16230.4 9527.9
13728.5 16368.8 9160.1
13476.3 16813.9 7623.0
13485.2 16789.0 6686.4
13749.4 16821.9 5972.0
12659.1 16663.1 8845.4
12323.1 16158.7 10579.6
11925.1 15686.8 11951.2
11452.5 15155.9 13464.0
10959.8 14493.2 15086.9
10384.6 13717.3 16847.3
9747.0 12837.6 18754.5
8895.9 11695.4 21125.2
7509.6 9209.9 25927.9
7139.5 8520.5 27193.6
6888.9 8053.8 28004.9
6638.3 7587.1 28816.2
6369.7 7087.0 29685.6
5970.5 6343.4 30911.1
5157.7 4829.8 33340.9
4409.8 3436.9 35470.5
3889.4 2467.8 36910.1
4958.8 2531.8 35507.8
6563.0 2665.8 33340.9
8276.4 2792.6 30911.1
9118.1 2855.0 29685.6
9684.2 2896.9 28816.2
10212.4 2936.0 28004.9
10740.7 2975.1 27193.6
11521.1 3032.9 25927.9
15718.5 3568.9 18754.5
16772.3 3833.0 16847.3
17711.8 4057.6 15086.9
18515.2 4248.6 13464.0
19234.0 4432.3 11951.2
19826.7 4457.1 10579.6
20268.1 4538.1 9457.2