-16991.6 -48049.6 4663.5
-16859.1 -47633.5 5179.5
-17048.2 -47573.3 5179.5
-17180.7 -47989.3 4663.5
-16859.1 -47633.5 5179.5
-14420.7 -39977.1 5179.5
-14609.5 -39916.3 5179.5
-17048.2 -47573.3 5179.5
-14420.7 -39977.1 5179.5
-14166.6 -39183.4 6151.9
-14356.6 -39122.1 6151.9
-14609.5 -39916.3 5179.5
-13630.5 -49121.1 4663.5
-13498.5 -48704.9 5248.9
-13687.7 -48644.9 5248.9
-13819.6 -49060.8 4663.5
-13498.5 -48704.9 5248.9
-11070.5 -41050.2 5248.9
-11259.6 -40990.0 5248.9
-13687.7 -48644.9 5248.9
-11070.5 -41050.2 5248.9
-10817.6 -40256.0 6151.9
-11007.6 -40195.5 6151.9
-11259.6 -40990.0 5248.9