41400.0 9269.0 4070.4
41400.0 9269.0 1954.7
40629.1 9102.5 1954.7
40633.7 9103.5 4663.5
41166.0 9218.6 4070.4
41400.0 9269.0 4070.4
41463.3 8978.1 4070.7
41463.3 8978.1 1954.7
41400.0 9269.0 1954.7
40629.1 9102.5 1954.7
40692.7 8810.3 1954.7
40692.7 8810.3 4663.5
40692.7 8810.3 1954.7
41463.3 8978.1 1954.7
41463.3 8978.1 4070.7
41228.8 8927.0 4070.7
40697.1 8811.2 4663.5
24931.1 14362.3 4663.5
24931.1 14362.3 1954.7
23735.5 16433.2 1954.7
23735.5 16433.2 4663.5
23735.5 16433.2 4663.5
23735.5 16433.2 1954.7
22833.2 15912.3 1954.7
22833.2 15912.3 4663.5
22833.2 15912.3 4663.5
22833.2 15912.3 1954.7
24028.9 13841.4 1954.7
24028.9 13841.4 4663.5
24028.9 13841.4 4663.5
24028.9 13841.4 1954.7
24931.1 14362.3 1954.7
24931.1 14362.3 4663.5