61424.6 38975.1 347.3
37655.3 47682.4 347.3
36496.1 48577.2 347.3
22001.3 69339.6 347.3
-1804.1 60731.2 347.3
-3267.2 60671.6 347.3
-27716.7 67259.4 347.3
-40419.3 45363.2 347.3
-41501.7 44377.0 347.3
-64465.7 33707.7 347.3
-60121.8 8769.2 347.3
-60317.2 7318.0 347.3
-71050.5 -15616.1 347.3
-51692.7 -31928.0 347.3
-50909.5 -33165.2 347.3
-44390.0 -57633.0 347.3
-19076.0 -57685.7 347.3
-17680.8 -58130.1 347.3
3041.1 -72682.8 347.3
22466.6 -56451.6 347.3
23821.0 -55895.2 347.3
49049.2 -53723.5 347.3
53496.8 -28803.2 347.3
54176.7 -27506.3 347.3
72106.7 -9626.4 347.3
59495.3 12322.5 347.3
59182.5 13753.1 347.3