50902.4 32297.4 4663.5
32436.6 39061.9 4663.5
29487.8 41339.6 4663.5
18233.2 57460.7 4663.5
-260.7 50773.0 4663.5
-3983.6 50622.3 4663.5
-22967.6 55737.5 4663.5
-32835.9 38726.9 4663.5
-35591.0 36218.4 4663.5
-53421.6 27934.1 4663.5
-50046.9 8560.0 4663.5
-50545.0 4867.4 4663.5
-58879.0 -12939.9 4663.5
-43840.4 -25612.2 4663.5
-41848.4 -28761.1 4663.5
-36786.3 -47759.3 4663.5
-17120.5 -47800.2 4663.5
-13570.5 -48931.9 4663.5
2519.1 -60231.5 4663.5
17610.3 -47621.9 4663.5
21057.2 -46207.0 4663.5
40645.8 -44520.7 4663.5
44101.1 -25160.8 4663.5
45832.0 -21861.3 4663.5
59753.9 -7978.2 4663.5
49956.4 9073.3 4663.5
49161.5 12713.5 4663.5