56301.2 35723.6 4663.5
35301.0 43416.5 4663.5
32969.9 45216.0 4663.5
20166.5 63555.5 4663.5
-865.4 55950.0 4663.5
-3807.9 55830.1 4663.5
-25404.2 61649.2 4663.5
-36627.0 42303.9 4663.5
-38804.0 40320.7 4663.5
-59088.1 30896.5 4663.5
-55250.3 8863.3 4663.5
-55643.2 5944.7 4663.5 
-65124.0 -14313.0 4663.5
-48021.4 -28724.5 4663.5
-46446.3 -31212.8 4663.5
-40687.6 -52825.3 4663.5
-18322.8 -52871.8 4663.5
-15516.7 -53765.5 4663.5
2786.9 -66620.0 4663.5
19949.3 -52279.9 4663.5
22673.3 -51160.8 4663.5
44957.4 -49242.5 4663.5
48886.9 -27225.5 4663.5
50254.3 -24617.3 4663.5
66091.9 -8823.9 4663.5
54949.8 10567.9 4663.5
54320.7 13444.9 4663.5