49397.7 12562.3 4663.5
49355.4 12756.2 4663.5
48928.9 12662.4 5248.9
49355.4 12756.2 4663.5
48971.5 12468.6 5248.9
48928.9 12662.4 5248.9
48971.5 12468.6 5248.9
49397.7 12562.3 4663.5
41085.8 10937.7 5248.9
48928.9 12662.4 5248.9
41128.1 10743.9 5248.9
41085.8 10937.7 5248.9
41128.1 10743.9 5248.9
48971.5 12468.6 5248.9
41128.1 10743.9 5248.9
40314.1 10564.8 6151.9
41085.8 10937.7 5248.9
40271.5 10759.7 6151.9
40271.5 10759.7 6151.9
40314.1 10564.8 6151.9
50150.3 9115.7 4663.5
50108.0 9309.6 4663.5
49723.8 9022.5 5179.5
50150.3 9115.7 4663.5
49681.4 9216.3 5179.5
49723.8 9022.5 5179.5
49681.4 9216.3 5179.5
50108.0 9309.6 4663.5
41873.3 7305.9 5179.5
49723.8 9022.5 5179.5
41873.3 7305.9 5179.5
41831.6 7499.9 5179.5
41831.6 7499.9 5179.5
49681.4 9216.3 5179.5
41059.1 7127.9 6151.9
41873.3 7305.9 5179.5
41017.1 7323.0 6151.9
41831.6 7499.9 5179.5
41017.1 7323.0 6151.9
41059.1 7127.9 6151.9
49914.1 9267.2 4663.5
49913.8 9267.2 4790.9
49203.9 12519.7 4663.5
49914.1 9267.2 4663.5
49191.8 12517.0 4792.5
49203.9 12519.7 4663.5
49191.8 12517.0 4792.5
49913.8 9267.2 4790.9
49796.8 9241.6 4791.7
49087.4 12494.1 4792.1
49796.8 9241.6 4791.7
49913.8 9267.2 4790.9
49087.4 12494.1 4792.1
49191.8 12517.0 4792.5
49797.6 9241.8 4920.7
49796.8 9241.6 4791.7
49087.8 12494.2 4921.5
49087.4 12494.1 4792.1
49797.6 9241.8 4920.7
49087.8 12494.2 4921.5
49681.4 9216.3 4921.5
49797.6 9241.8 4920.7
48970.7 12468.4 4920.7
49087.8 12494.2 4921.5
49681.4 9216.3 5050.5
49681.4 9216.3 4921.5
48971.5 12468.6 5050.5
48970.7 12468.4 4920.7
49681.4 9216.3 5050.5
48971.5 12468.6 5050.5
41831.6 7499.9 5050.5
49681.4 9216.3 5050.5
41128.1 10743.9 5050.5
48971.5 12468.6 5050.5
41831.6 7499.9 5179.5
41831.6 7499.9 5050.5
41128.1 10743.9 5179.5
41128.1 10743.9 5050.5
41831.6 7499.9 5179.5
41128.1 10743.9 5179.5
41715.2 7474.7 5179.5
41831.6 7499.9 5179.5
41011.9 10718.3 5179.5
41128.1 10743.9 5179.5
41715.2 7474.7 5179.5
41011.9 10718.3 5179.5
41715.2 7474.7 5318.4
41715.2 7474.7 5179.5
41011.9 10718.3 5308.5
41011.9 10718.3 5179.5
41715.2 7474.7 5318.4
41011.9 10718.3 5308.5
41598.9 7449.4 5308.5
41715.2 7474.7 5318.4
40895.6 10692.7 5308.5
41011.9 10718.3 5308.5
41598.9 7449.4 5308.5
40895.6 10692.7 5308.5
41598.9 7449.4 5457.3
41598.9 7449.4 5308.5
40895.6 10692.7 5437.5
40895.6 10692.7 5308.5
41598.9 7449.4 5457.3
40895.6 10692.7 5437.5
41482.5 7424.1 5437.5
41598.9 7449.4 5457.3
40779.3 10667.2 5437.5
40895.6 10692.7 5437.5
41482.5 7424.1 5437.5
40779.3 10667.2 5437.5
41507.4 7429.5 5566.5
41482.5 7424.1 5437.5
40779.3 10667.2 5566.5
40779.3 10667.2 5437.5
41507.4 7429.5 5566.5
40779.3 10667.2 5566.5
41366.2 7398.8 5566.5
41507.4 7429.5 5566.5
40663.0 10641.6 5566.5
40779.3 10667.2 5566.5
41366.2 7398.8 5566.5
40663.0 10641.6 5566.5
41399.4 7406.1 5695.5
41366.2 7398.8 5566.5
40663.0 10641.6 5695.5
40663.0 10641.6 5566.5
41399.4 7406.1 5695.5
40663.0 10641.6 5695.5
41249.8 7373.6 5695.5
41399.4 7406.1 5695.5
40546.7 10616.0 5695.5
40663.0 10641.6 5695.5
41249.8 7373.6 5695.5
40546.7 10616.0 5695.5
41291.4 7382.6 5824.4
41249.8 7373.6 5695.5
40546.7 10616.0 5824.4
40546.7 10616.0 5695.5
41291.4 7382.6 5824.4
40546.7 10616.0 5824.4
41133.4 7348.3 5824.4
41291.4 7382.6 5824.4
40430.4 10590.4 5824.4
40546.7 10616.0 5824.4
41133.4 7348.3 5824.4
40430.4 10590.4 5824.4
41133.4 7348.3 5954.3
41133.4 7348.3 5824.4
40431.5 10585.6 5953.4
40430.4 10590.4 5824.4
41133.4 7348.3 5954.3
40431.5 10585.6 5953.4
44737.6 7932.2 1954.7
44737.6 7932.2 4073.0
43946.0 11567.3 1954.7
44737.6 7932.2 1954.7
43946.0 11567.3 4068.2
44737.6 7932.2 4073.0
43946.0 11567.3 4068.2
43946.0 11567.3 1954.7
44737.6 7932.2 4073.0
41591.6 7244.3 4073.0
41591.6 7244.3 4073.0
41059.1 7127.9 4663.5
40271.5 10759.7 4663.5
41059.1 7127.9 4663.5
40808.3 10877.4 4068.2
40271.5 10759.7 4663.5
40808.3 10877.4 4068.2
41591.6 7244.3 4073.0
43946.0 11567.3 4068.2
40808.3 10877.4 4068.2