24477.5 14689.4 5953.4
25074.3 14233.0 6876.8
25712.6 13744.8 7755.1
26390.3 13226.6 8585.3
27105.1 12679.9 9364.7
27854.5 12106.8 10090.6
28636.1 11509.0 10760.6
29447.3 10888.7 11372.4
30285.2 10247.8 11924.1
31147.2 9588.7 12413.6
32030.2 8913.3 12839.4
32931.4 8224.2 13200.1
33847.6 7523.5 13494.5
33322.6 6496.4 13200.1
32806.3 5486.23 12839.4
32300.3 4496.4 12413.6
31806.5 3530.1 11924.1
31326.4 2590.8 11372.4
30861.6 1681.5 10760.6
30413.7 805.4 10090.6
29984.3 -34.7 9364.7
29574.8 -836.0 8585.3
29186.5 -1595.6 7755.1
28820.8 -2311.2 6876.8
28478.8 -2980.2 5953.4
24577.8 14558.3 5837.6
25140.3 14089.6 6756.4
25775.1 13607.4 7626.2
26449.0 13095.5 8448.3
27159.6 12555.7 9219.8
27904.8 11989.9 9938.2
28682.0 11400.0 10601.1
30322.5 10157.5 11751.2
31180.4 9506.2 12236.2
32058.7 8841.0 12656.8
32955.0 8162.5 13013.0
33807.3 7514.3 13285.5
33317.4 6562.2 13013.0
32800.8 5563.7 12656.8
32294.8 4585.1 12236.2
31801.2 3627.7 11751.2
31320.4 2699.3 11206.3
30856.1 1799.7 10601.1
30408.8 932.6 9938.2
29980.0 100.9 9219.8
29571.3 -692.4 8448.3
29183.7 -1444.7 7626.2
28818.6 -2153.3 6756.4
28551.4 -2734.8 5653.4
24477.5 14689.4 5953.4
24234.1 13946.8 6479.0
23983.1 13180.8 6966.3
23725.0 12393.4 7414.0
23460.5 11586.4 7821.2
23190.2 10761.6 8186.9
22914.8 9921.0 8510.2
22634.7 9066.6 8790.4
22350.8 8200.2 9026.8
22063.7 7324.0 9219.0
21774.0 6440.1 9366.3
21482.4 5550.4 9468.6
21189.6 4657.0 9525.5
21838.7 3976.9 9468.6
22485.1 3299.7 9366.3
23127.4 2626.7 9219.0
23764.0 1959.7 9026.8
24393.4 1300.2 8790.4
25014.3 649.8 8510.2
25625.0 9.9 8186.9
26224.3 -618.0 7821.2
26810.6 -1232.4 7414.0
27382.7 -1831.8 6966.3
27939.2 -2414.8 6479.0
28478.8 -2980.2 5953.4
21189.6 4657.0 9525.5
22136.9 4871.5 10134.9
23111.6 5092.2 10697.1
24111.4 5318.7 11210.7
25134.0 5550.2 11674.7
26177.2 5786.5 12087.9
27238.4 6026.8 12449.3
28315.4 6270.7 12758.3
29405.5 6517.5 13014.0
30506.3 6766.8 13215.9
31615.3 7018.0 13363.4
32729.9 7270.4 13456.4
33847.6 7523.5 13494.5