24873.1 15896.3 5972.0
23731.8 16023.0 5968.6
22953.1 16108.1 6551.3
22146.8 16194.0 7082.0
21315.8 16281.1 7560.0
20462.7 16369.6 7985.1
19590.3 16459.8 8357.3
18701.2 16551.7 8676.7
16883.4 16741.1 9159.1
15959.9 16838.8 9323.6
15029.8 16938.2 9438.2
14108.5 17037.5 9521.5
13159.6 17142.2 9522.6
13114.9 17021.0 11152.5
13092.9 16794.4 12771.1
13094.5 16463.6 14371.5
13120.9 16030.5 15947.0
13173.3 15497.9 17491.0
13253.5 14868.9 18997.2
13363.3 14147.2 20459.5
13504.5 13337.0 21872.3
13679.2 12443.0 23230.1
13889.5 11470.5 24528.1
14137.6 10425.0 25761.5
14425.3 9312.3 26926.2
15340.8 8563.5 25794.4
16212.2 7879.2 24587.7
17032.9 7260.3 23310.2
17796.7 6707.5 21966.7
18497.5 6221.4 20562.4
19129.7 5802.2 19103.1
19688.2 5450.1 17594.9
20168.6 5165.1 16044.3
20567.0 4947.4 14458.4
20880.0 4796.7 12844.4
21105.3 4713.0 11209.9
21241.0 4696.2 9562.5
21529.3 5597.8 9547.1
21815.9 6487.2 9470.6
22103.8 7376.9 9351.9
22390.8 8259.6 9183.1
22958.4 9995.6 8692.5
23236.8 10844.2 8369.3
23510.0 11676.9 7993.7
23776.8 12491.4 7565.7
24035.8 13285.3 7085.2
24285.5 14056.3 6552.7
24524.7 14802.1 5968.8
24873.1 15896.3 5972.0
24680.7 15773.3 8183.0
24345.3 15561.2 10358.2
23870.1 15261.9 12480.9
23260.2 14878.5 14534.6
22521.3 14414.2 16504.2
21660.5 13873.5 18375.5
20685.7 13260.8 20135.8
19605.8 12581.6 21773.5
18429.9 11841.2 23278.8
17167.8 11045.5 24643.5
15829.6 10200.5 25860.9
14425.3 9312.3 26926.2