-211.0 -28831.5 6876.8
-952.9 -29140.2 7755.1
-917.3 -28978.3 7730.8
-194.5 -28752.0 6863.9
-194.5 -28752.0 6863.9
-917.3 -28978.3 7730.8
-882.1 -28817.7 7698.5
-178.2 -28673.2 6847.1
-178.2 -28673.2 6847.1
-882.1 -28817.7 7698.5
-847.6 -28658.8 7658.5
-162.3 -28595.3 6826.5
-162.3 -28595.3 6826.5
-847.6 -28658.8 7658.5
-813.8 -28501.8 7610.7
-131.5 -28442.7 6773.9
-131.5 -28442.7 6773.9
-813.8 -28501.8 7610.7
-780.7 -28347.3 7555.2
-116.7 -28368.4 6742.1
-116.7 -28368.4 6742.1
-780.7 -28347.3 7555.2
-748.5 -28195.4 7492.3
-102.4 -28295.6 6706.7
-102.4 -28295.6 6706.7
-748.5 -28195.4 7492.3
-717.1 -28046.6 7422.0
-88.6 -28224.6 6667.8
-88.6 -28224.6 6667.8
-717.1 -28046.6 7422.0
-686.8 -27901.2 7344.5
-75.3 -28155.4 6625.5
-75.3 -28155.4 6625.5
-686.8 -27901.2 7344.5
-657.5 -27759.6 7260.0
-62.5 -28088.2 6579.9
-62.5 -28088.2 6579.9
-657.5 -27759.6 7260.0
-629.3 -27622.0 7168.6
-50.4 -28023.3 6531.0
-50.4 -28023.3 6531.0
-629.3 -27622.0 7168.6
-602.3 -27488.9 7070.6
-38.8 -27960.7 6479.0
-50.4 -28023.3 6531.0
-602.3 -27488.9 7070.6
-576.6 -27360.4 6966.3
-38.8 -27960.7 6479.0